Timestamp: (11/12/2024 12:44:06AM)
Number of processes in memory: 0
Total external fragmentation in KB: 0
----end---- = 16384
16

0
32

16
48

32
64

48
80

64
96

80
112

96
128

112
144

128
160

144
176

160
192

176
208

192
224

208
240

224
256

240
272

256
288

272
304

288
320

304
336

320
352

336
368

352
384

368
400

384
416

400
432

416
448

432
464

448
480

464
496

480
512

496
528

512
544

528
560

544
576

560
592

576
608

592
624

608
640

624
656

640
672

656
688

672
704

688
720

704
736

720
752

736
768

752
784

768
800

784
816

800
832

816
848

832
864

848
880

864
896

880
912

896
928

912
944

928
960

944
976

960
992

976
1008

992
1024

1008
1040

1024
1056

1040
1072

1056
1088

1072
1104

1088
1120

1104
1136

1120
1152

1136
1168

1152
1184

1168
1200

1184
1216

1200
1232

1216
1248

1232
1264

1248
1280

1264
1296

1280
1312

1296
1328

1312
1344

1328
1360

1344
1376

1360
1392

1376
1408

1392
1424

1408
1440

1424
1456

1440
1472

1456
1488

1472
1504

1488
1520

1504
1536

1520
1552

1536
1568

1552
1584

1568
1600

1584
1616

1600
1632

1616
1648

1632
1664

1648
1680

1664
1696

1680
1712

1696
1728

1712
1744

1728
1760

1744
1776

1760
1792

1776
1808

1792
1824

1808
1840

1824
1856

1840
1872

1856
1888

1872
1904

1888
1920

1904
1936

1920
1952

1936
1968

1952
1984

1968
2000

1984
2016

2000
2032

2016
2048

2032
2064

2048
2080

2064
2096

2080
2112

2096
2128

2112
2144

2128
2160

2144
2176

2160
2192

2176
2208

2192
2224

2208
2240

2224
2256

2240
2272

2256
2288

2272
2304

2288
2320

2304
2336

2320
2352

2336
2368

2352
2384

2368
2400

2384
2416

2400
2432

2416
2448

2432
2464

2448
2480

2464
2496

2480
2512

2496
2528

2512
2544

2528
2560

2544
2576

2560
2592

2576
2608

2592
2624

2608
2640

2624
2656

2640
2672

2656
2688

2672
2704

2688
2720

2704
2736

2720
2752

2736
2768

2752
2784

2768
2800

2784
2816

2800
2832

2816
2848

2832
2864

2848
2880

2864
2896

2880
2912

2896
2928

2912
2944

2928
2960

2944
2976

2960
2992

2976
3008

2992
3024

3008
3040

3024
3056

3040
3072

3056
3088

3072
3104

3088
3120

3104
3136

3120
3152

3136
3168

3152
3184

3168
3200

3184
3216

3200
3232

3216
3248

3232
3264

3248
3280

3264
3296

3280
3312

3296
3328

3312
3344

3328
3360

3344
3376

3360
3392

3376
3408

3392
3424

3408
3440

3424
3456

3440
3472

3456
3488

3472
3504

3488
3520

3504
3536

3520
3552

3536
3568

3552
3584

3568
3600

3584
3616

3600
3632

3616
3648

3632
3664

3648
3680

3664
3696

3680
3712

3696
3728

3712
3744

3728
3760

3744
3776

3760
3792

3776
3808

3792
3824

3808
3840

3824
3856

3840
3872

3856
3888

3872
3904

3888
3920

3904
3936

3920
3952

3936
3968

3952
3984

3968
4000

3984
4016

4000
4032

4016
4048

4032
4064

4048
4080

4064
4096

4080
4112

4096
4128

4112
4144

4128
4160

4144
4176

4160
4192

4176
4208

4192
4224

4208
4240

4224
4256

4240
4272

4256
4288

4272
4304

4288
4320

4304
4336

4320
4352

4336
4368

4352
4384

4368
4400

4384
4416

4400
4432

4416
4448

4432
4464

4448
4480

4464
4496

4480
4512

4496
4528

4512
4544

4528
4560

4544
4576

4560
4592

4576
4608

4592
4624

4608
4640

4624
4656

4640
4672

4656
4688

4672
4704

4688
4720

4704
4736

4720
4752

4736
4768

4752
4784

4768
4800

4784
4816

4800
4832

4816
4848

4832
4864

4848
4880

4864
4896

4880
4912

4896
4928

4912
4944

4928
4960

4944
4976

4960
4992

4976
5008

4992
5024

5008
5040

5024
5056

5040
5072

5056
5088

5072
5104

5088
5120

5104
5136

5120
5152

5136
5168

5152
5184

5168
5200

5184
5216

5200
5232

5216
5248

5232
5264

5248
5280

5264
5296

5280
5312

5296
5328

5312
5344

5328
5360

5344
5376

5360
5392

5376
5408

5392
5424

5408
5440

5424
5456

5440
5472

5456
5488

5472
5504

5488
5520

5504
5536

5520
5552

5536
5568

5552
5584

5568
5600

5584
5616

5600
5632

5616
5648

5632
5664

5648
5680

5664
5696

5680
5712

5696
5728

5712
5744

5728
5760

5744
5776

5760
5792

5776
5808

5792
5824

5808
5840

5824
5856

5840
5872

5856
5888

5872
5904

5888
5920

5904
5936

5920
5952

5936
5968

5952
5984

5968
6000

5984
6016

6000
6032

6016
6048

6032
6064

6048
6080

6064
6096

6080
6112

6096
6128

6112
6144

6128
6160

6144
6176

6160
6192

6176
6208

6192
6224

6208
6240

6224
6256

6240
6272

6256
6288

6272
6304

6288
6320

6304
6336

6320
6352

6336
6368

6352
6384

6368
6400

6384
6416

6400
6432

6416
6448

6432
6464

6448
6480

6464
6496

6480
6512

6496
6528

6512
6544

6528
6560

6544
6576

6560
6592

6576
6608

6592
6624

6608
6640

6624
6656

6640
6672

6656
6688

6672
6704

6688
6720

6704
6736

6720
6752

6736
6768

6752
6784

6768
6800

6784
6816

6800
6832

6816
6848

6832
6864

6848
6880

6864
6896

6880
6912

6896
6928

6912
6944

6928
6960

6944
6976

6960
6992

6976
7008

6992
7024

7008
7040

7024
7056

7040
7072

7056
7088

7072
7104

7088
7120

7104
7136

7120
7152

7136
7168

7152
7184

7168
7200

7184
7216

7200
7232

7216
7248

7232
7264

7248
7280

7264
7296

7280
7312

7296
7328

7312
7344

7328
7360

7344
7376

7360
7392

7376
7408

7392
7424

7408
7440

7424
7456

7440
7472

7456
7488

7472
7504

7488
7520

7504
7536

7520
7552

7536
7568

7552
7584

7568
7600

7584
7616

7600
7632

7616
7648

7632
7664

7648
7680

7664
7696

7680
7712

7696
7728

7712
7744

7728
7760

7744
7776

7760
7792

7776
7808

7792
7824

7808
7840

7824
7856

7840
7872

7856
7888

7872
7904

7888
7920

7904
7936

7920
7952

7936
7968

7952
7984

7968
8000

7984
8016

8000
8032

8016
8048

8032
8064

8048
8080

8064
8096

8080
8112

8096
8128

8112
8144

8128
8160

8144
8176

8160
8192

8176
8208

8192
8224

8208
8240

8224
8256

8240
8272

8256
8288

8272
8304

8288
8320

8304
8336

8320
8352

8336
8368

8352
8384

8368
8400

8384
8416

8400
8432

8416
8448

8432
8464

8448
8480

8464
8496

8480
8512

8496
8528

8512
8544

8528
8560

8544
8576

8560
8592

8576
8608

8592
8624

8608
8640

8624
8656

8640
8672

8656
8688

8672
8704

8688
8720

8704
8736

8720
8752

8736
8768

8752
8784

8768
8800

8784
8816

8800
8832

8816
8848

8832
8864

8848
8880

8864
8896

8880
8912

8896
8928

8912
8944

8928
8960

8944
8976

8960
8992

8976
9008

8992
9024

9008
9040

9024
9056

9040
9072

9056
9088

9072
9104

9088
9120

9104
9136

9120
9152

9136
9168

9152
9184

9168
9200

9184
9216

9200
9232

9216
9248

9232
9264

9248
9280

9264
9296

9280
9312

9296
9328

9312
9344

9328
9360

9344
9376

9360
9392

9376
9408

9392
9424

9408
9440

9424
9456

9440
9472

9456
9488

9472
9504

9488
9520

9504
9536

9520
9552

9536
9568

9552
9584

9568
9600

9584
9616

9600
9632

9616
9648

9632
9664

9648
9680

9664
9696

9680
9712

9696
9728

9712
9744

9728
9760

9744
9776

9760
9792

9776
9808

9792
9824

9808
9840

9824
9856

9840
9872

9856
9888

9872
9904

9888
9920

9904
9936

9920
9952

9936
9968

9952
9984

9968
10000

9984
10016

10000
10032

10016
10048

10032
10064

10048
10080

10064
10096

10080
10112

10096
10128

10112
10144

10128
10160

10144
10176

10160
10192

10176
10208

10192
10224

10208
10240

10224
10256

10240
10272

10256
10288

10272
10304

10288
10320

10304
10336

10320
10352

10336
10368

10352
10384

10368
10400

10384
10416

10400
10432

10416
10448

10432
10464

10448
10480

10464
10496

10480
10512

10496
10528

10512
10544

10528
10560

10544
10576

10560
10592

10576
10608

10592
10624

10608
10640

10624
10656

10640
10672

10656
10688

10672
10704

10688
10720

10704
10736

10720
10752

10736
10768

10752
10784

10768
10800

10784
10816

10800
10832

10816
10848

10832
10864

10848
10880

10864
10896

10880
10912

10896
10928

10912
10944

10928
10960

10944
10976

10960
10992

10976
11008

10992
11024

11008
11040

11024
11056

11040
11072

11056
11088

11072
11104

11088
11120

11104
11136

11120
11152

11136
11168

11152
11184

11168
11200

11184
11216

11200
11232

11216
11248

11232
11264

11248
11280

11264
11296

11280
11312

11296
11328

11312
11344

11328
11360

11344
11376

11360
11392

11376
11408

11392
11424

11408
11440

11424
11456

11440
11472

11456
11488

11472
11504

11488
11520

11504
11536

11520
11552

11536
11568

11552
11584

11568
11600

11584
11616

11600
11632

11616
11648

11632
11664

11648
11680

11664
11696

11680
11712

11696
11728

11712
11744

11728
11760

11744
11776

11760
11792

11776
11808

11792
11824

11808
11840

11824
11856

11840
11872

11856
11888

11872
11904

11888
11920

11904
11936

11920
11952

11936
11968

11952
11984

11968
12000

11984
12016

12000
12032

12016
12048

12032
12064

12048
12080

12064
12096

12080
12112

12096
12128

12112
12144

12128
12160

12144
12176

12160
12192

12176
12208

12192
12224

12208
12240

12224
12256

12240
12272

12256
12288

12272
12304

12288
12320

12304
12336

12320
12352

12336
12368

12352
12384

12368
12400

12384
12416

12400
12432

12416
12448

12432
12464

12448
12480

12464
12496

12480
12512

12496
12528

12512
12544

12528
12560

12544
12576

12560
12592

12576
12608

12592
12624

12608
12640

12624
12656

12640
12672

12656
12688

12672
12704

12688
12720

12704
12736

12720
12752

12736
12768

12752
12784

12768
12800

12784
12816

12800
12832

12816
12848

12832
12864

12848
12880

12864
12896

12880
12912

12896
12928

12912
12944

12928
12960

12944
12976

12960
12992

12976
13008

12992
13024

13008
13040

13024
13056

13040
13072

13056
13088

13072
13104

13088
13120

13104
13136

13120
13152

13136
13168

13152
13184

13168
13200

13184
13216

13200
13232

13216
13248

13232
13264

13248
13280

13264
13296

13280
13312

13296
13328

13312
13344

13328
13360

13344
13376

13360
13392

13376
13408

13392
13424

13408
13440

13424
13456

13440
13472

13456
13488

13472
13504

13488
13520

13504
13536

13520
13552

13536
13568

13552
13584

13568
13600

13584
13616

13600
13632

13616
13648

13632
13664

13648
13680

13664
13696

13680
13712

13696
13728

13712
13744

13728
13760

13744
13776

13760
13792

13776
13808

13792
13824

13808
13840

13824
13856

13840
13872

13856
13888

13872
13904

13888
13920

13904
13936

13920
13952

13936
13968

13952
13984

13968
14000

13984
14016

14000
14032

14016
14048

14032
14064

14048
14080

14064
14096

14080
14112

14096
14128

14112
14144

14128
14160

14144
14176

14160
14192

14176
14208

14192
14224

14208
14240

14224
14256

14240
14272

14256
14288

14272
14304

14288
14320

14304
14336

14320
14352

14336
14368

14352
14384

14368
14400

14384
14416

14400
14432

14416
14448

14432
14464

14448
14480

14464
14496

14480
14512

14496
14528

14512
14544

14528
14560

14544
14576

14560
14592

14576
14608

14592
14624

14608
14640

14624
14656

14640
14672

14656
14688

14672
14704

14688
14720

14704
14736

14720
14752

14736
14768

14752
14784

14768
14800

14784
14816

14800
14832

14816
14848

14832
14864

14848
14880

14864
14896

14880
14912

14896
14928

14912
14944

14928
14960

14944
14976

14960
14992

14976
15008

14992
15024

15008
15040

15024
15056

15040
15072

15056
15088

15072
15104

15088
15120

15104
15136

15120
15152

15136
15168

15152
15184

15168
15200

15184
15216

15200
15232

15216
15248

15232
15264

15248
15280

15264
15296

15280
15312

15296
15328

15312
15344

15328
15360

15344
15376

15360
15392

15376
15408

15392
15424

15408
15440

15424
15456

15440
15472

15456
15488

15472
15504

15488
15520

15504
15536

15520
15552

15536
15568

15552
15584

15568
15600

15584
15616

15600
15632

15616
15648

15632
15664

15648
15680

15664
15696

15680
15712

15696
15728

15712
15744

15728
15760

15744
15776

15760
15792

15776
15808

15792
15824

15808
15840

15824
15856

15840
15872

15856
15888

15872
15904

15888
15920

15904
15936

15920
15952

15936
15968

15952
15984

15968
16000

15984
16016

16000
16032

16016
16048

16032
16064

16048
16080

16064
16096

16080
16112

16096
16128

16112
16144

16128
16160

16144
16176

16160
16192

16176
16208

16192
16224

16208
16240

16224
16256

16240
16272

16256
16288

16272
16304

16288
16320

16304
16336

16320
16352

16336
16368

16352
16384

16368
----start---- = 0
Total external fragmentation in KB: 16

